2048 Agent Evaluation Results
============================================================
Timestamp  : 2026-04-12 14:47:11
Agent      : td (weights=weights/td_ntuple.npz)
Games      : 1000


── Summary ───────────────────────────────
  Total time   : 105.7s  (0.11s/game)
  Avg score    :     37,949
  Median score :     36,332
  Std dev      :     17,729
  Best score   :    106,768
  Worst score  :      3,148
  Avg moves    :       1916
  Median moves :       1886
  Win rate     :      76.7%  (767/1000 reached 2048)

  Max tile distribution:
     8192 :   0.1%  (   1 games)  
     4096 :  23.4%  ( 234 games)  ███████████
     2048 :  53.2%  ( 532 games)  ██████████████████████████
     1024 :  20.4%  ( 204 games)  ██████████
      512 :   2.5%  (  25 games)  █
      256 :   0.4%  (   4 games)  
──────────────────────────────────────────

  Score percentiles:
    p10 :     16,784
    p25 :     25,532
    p50 :     36,340
    p75 :     46,236
    p90 :     62,868
    p95 :     70,236
    p99 :     84,400

============================================================
Per-Game Results
============================================================
  Game       Score   Moves   Max Tile   Won
------  ----------  ------  ---------  ----
     1      27,276    1422      2,048   yes
     2      38,208    2010      2,048   yes
     3      17,624    1041      1,024      
     4      65,128    3097      4,096   yes
     5      63,724    2993      4,096   yes
     6      13,552     802      1,024      
     7      40,108    2094      2,048   yes
     8      21,420    1243      1,024      
     9      20,144    1191      1,024      
    10      37,872    1986      2,048   yes
    11      28,288    1507      2,048   yes
    12      40,808    2142      2,048   yes
    13      40,908    2161      2,048   yes
    14      23,848    1228      2,048   yes
    15      30,732    1547      2,048   yes
    16      80,064    3680      4,096   yes
    17      40,392    2125      2,048   yes
    18      45,892    2384      2,048   yes
    19      36,604    1893      2,048   yes
    20      38,168    1961      2,048   yes
    21      76,152    3474      4,096   yes
    22      64,000    2955      4,096   yes
    23      26,976    1416      2,048   yes
    24      36,184    1878      2,048   yes
    25      53,916    2518      4,096   yes
    26      20,428    1205      1,024      
    27      16,240     967      1,024      
    28      17,148    1026      1,024      
    29      52,520    2441      4,096   yes
    30      26,304    1374      2,048   yes
    31      20,440    1205      1,024      
    32      38,700    2042      2,048   yes
    33      34,028    1770      2,048   yes
    34      33,192    1722      2,048   yes
    35      69,440    3182      4,096   yes
    36      63,668    2916      4,096   yes
    37      71,516    3363      4,096   yes
    38      39,820    2063      2,048   yes
    39      60,328    2795      4,096   yes
    40      37,360    1978      2,048   yes
    41      60,448    2803      4,096   yes
    42      76,724    3516      4,096   yes
    43      36,184    1874      2,048   yes
    44      29,196    1554      2,048   yes
    45      43,764    2248      2,048   yes
    46      40,844    2151      2,048   yes
    47      54,160    2495      4,096   yes
    48      31,376    1652      2,048   yes
    49      32,212    1644      2,048   yes
    50      18,648    1113      1,024      
    51      38,120    1999      2,048   yes
    52      18,080    1074      1,024      
    53      59,088    2759      4,096   yes
    54      20,288    1180      1,024      
    55      36,284    1881      2,048   yes
    56      18,264    1089      1,024      
    57       6,392     457        512      
    58      27,520    1451      2,048   yes
    59      52,140    2394      4,096   yes
    60      16,852    1008      1,024      
    61      29,128    1537      2,048   yes
    62      16,132     952      1,024      
    63      52,724    2443      4,096   yes
    64      58,712    2725      4,096   yes
    65      18,092    1082      1,024      
    66      63,060    2958      4,096   yes
    67      36,228    1883      2,048   yes
    68      23,980    1239      2,048   yes
    69      12,016     723      1,024      
    70      20,004    1160      1,024      
    71      62,076    2910      4,096   yes
    72       9,596     649        512      
    73      36,064    1855      2,048   yes
    74      37,940    1993      2,048   yes
    75      18,648    1082      1,024      
    76      36,296    1872      2,048   yes
    77      16,940    1014      1,024      
    78      28,684    1518      2,048   yes
    79      31,860    1692      2,048   yes
    80      36,848    1916      2,048   yes
    81      36,484    1904      2,048   yes
    82      58,952    2716      4,096   yes
    83      30,908    1626      2,048   yes
    84      66,264    3103      4,096   yes
    85      39,224    2050      2,048   yes
    86      33,388    1722      2,048   yes
    87      56,648    2625      4,096   yes
    88      69,432    3261      4,096   yes
    89      85,324    3835      4,096   yes
    90      57,308    2657      4,096   yes
    91      15,072     900      1,024      
    92      38,352    1961      2,048   yes
    93      40,404    2101      2,048   yes
    94      54,192    2473      4,096   yes
    95      52,312    2421      4,096   yes
    96      31,124    1569      2,048   yes
    97      83,296    3812      4,096   yes
    98      76,108    3538      4,096   yes
    99      17,884    1062      1,024      
   100      56,920    2583      4,096   yes
   101      14,684     863      1,024      
   102      40,316    2126      2,048   yes
   103      23,992    1241      2,048   yes
   104      27,140    1408      2,048   yes
   105      29,792    1591      2,048   yes
   106      31,260    1666      2,048   yes
   107      39,140    2037      2,048   yes
   108      42,464    2247      2,048   yes
   109      26,936    1383      2,048   yes
   110      27,472    1439      2,048   yes
   111      76,580    3591      4,096   yes
   112      40,260    2125      2,048   yes
   113      57,724    2605      4,096   yes
   114      17,172    1029      1,024      
   115      34,784    1830      2,048   yes
   116      44,632    2292      2,048   yes
   117      45,892    2388      2,048   yes
   118      37,156    1929      2,048   yes
   119      16,964    1020      1,024      
   120      37,148    1948      2,048   yes
   121      58,352    2689      4,096   yes
   122      67,928    3205      4,096   yes
   123      18,408    1095      1,024      
   124      60,896    2851      4,096   yes
   125      36,152    1882      2,048   yes
   126      22,852    1191      2,048   yes
   127      30,668    1602      2,048   yes
   128      60,412    2798      4,096   yes
   129      49,472    2216      4,096   yes
   130      38,552    2037      2,048   yes
   131      52,792    2428      4,096   yes
   132      24,268    1267      2,048   yes
   133      40,132    2101      2,048   yes
   134      14,984     867      1,024      
   135      19,316    1145      1,024      
   136      33,860    1750      2,048   yes
   137      17,696    1047      1,024      
   138      17,996    1076      1,024      
   139      20,148    1192      1,024      
   140      35,140    1804      2,048   yes
   141      31,608    1625      2,048   yes
   142      60,400    2817      4,096   yes
   143      26,724    1396      2,048   yes
   144      38,416    2018      2,048   yes
   145      60,700    2838      4,096   yes
   146      16,776     990      1,024      
   147      16,064     940      1,024      
   148      29,528    1569      2,048   yes
   149      30,356    1608      2,048   yes
   150       8,740     593        512      
   151      51,684    2355      4,096   yes
   152      37,140    1952      2,048   yes
   153      29,532    1565      2,048   yes
   154      44,544    2284      2,048   yes
   155      18,696    1137      1,024      
   156      16,392     974      1,024      
   157      68,596    3192      4,096   yes
   158      50,108    2278      4,096   yes
   159      43,412    2217      2,048   yes
   160      36,548    1880      2,048   yes
   161      29,456    1536      2,048   yes
   162      18,492    1102      1,024      
   163      18,600    1077      1,024      
   164      17,584    1051      1,024      
   165      29,672    1589      2,048   yes
   166      15,052     880      1,024      
   167      41,256    2117      2,048   yes
   168      27,920    1471      2,048   yes
   169      34,160    1763      2,048   yes
   170      38,624    2043      2,048   yes
   171      39,792    2015      2,048   yes
   172      29,908    1604      2,048   yes
   173      27,892    1449      2,048   yes
   174      36,788    1916      2,048   yes
   175      86,276    4031      4,096   yes
   176      21,696    1276      1,024      
   177      52,048    2389      4,096   yes
   178      40,276    2110      2,048   yes
   179      35,936    1855      2,048   yes
   180      26,116    1344      2,048   yes
   181      20,028    1162      1,024      
   182      41,992    2160      2,048   yes
   183      16,268     964      1,024      
   184      22,104    1297      1,024      
   185      54,732    2525      4,096   yes
   186      16,272     959      1,024      
   187      33,596    1741      2,048   yes
   188      31,824    1683      2,048   yes
   189      39,168    2000      2,048   yes
   190      64,940    3070      4,096   yes
   191      17,896    1077      1,024      
   192      17,536    1036      1,024      
   193      29,308    1528      2,048   yes
   194      18,584    1131      1,024      
   195      30,988    1615      2,048   yes
   196      29,684    1544      2,048   yes
   197      34,532    1754      2,048   yes
   198      44,960    2323      2,048   yes
   199      43,556    2253      2,048   yes
   200      31,252    1658      2,048   yes
   201      46,056    2037      4,096   yes
   202      29,140    1546      2,048   yes
   203      44,400    2283      2,048   yes
   204      62,400    2942      4,096   yes
   205      17,304    1010      1,024      
   206      11,060     713        512      
   207      20,148    1185      1,024      
   208      18,864    1143      1,024      
   209      56,864    2626      4,096   yes
   210      40,112    2091      2,048   yes
   211      27,504    1452      2,048   yes
   212      49,836    2247      4,096   yes
   213      39,992    2094      2,048   yes
   214      38,592    1998      2,048   yes
   215      30,512    1593      2,048   yes
   216      40,472    2107      2,048   yes
   217      71,716    3288      4,096   yes
   218      17,188    1036      1,024      
   219       7,724     525        512      
   220      39,148    2037      2,048   yes
   221      45,252    2335      2,048   yes
   222      35,132    1808      2,048   yes
   223      45,752    2381      2,048   yes
   224      13,540     820      1,024      
   225      40,772    2132      2,048   yes
   226      35,864    1831      2,048   yes
   227      39,132    2034      2,048   yes
   228      69,540    3193      4,096   yes
   229      13,592     816      1,024      
   230      28,848    1512      2,048   yes
   231      36,168    1870      2,048   yes
   232      33,648    1754      2,048   yes
   233      35,704    1819      2,048   yes
   234      34,464    1764      2,048   yes
   235      45,584    2355      2,048   yes
   236      16,140     950      1,024      
   237      38,328    1967      2,048   yes
   238      12,580     756      1,024      
   239      31,240    1634      2,048   yes
   240      45,928    2381      2,048   yes
   241      43,100    2219      2,048   yes
   242      36,324    1885      2,048   yes
   243      19,356    1152      1,024      
   244      31,612    1674      2,048   yes
   245      40,124    2111      2,048   yes
   246      62,312    2882      4,096   yes
   247      54,560    2436      4,096   yes
   248      46,956    2457      2,048   yes
   249      21,968    1315      1,024      
   250      71,524    3272      4,096   yes
   251      16,504     989      1,024      
   252      64,156    2995      4,096   yes
   253      44,156    2251      2,048   yes
   254      47,608    2122      4,096   yes
   255      27,128    1394      2,048   yes
   256      78,900    3629      4,096   yes
   257      18,856    1084      1,024      
   258      13,104     797      1,024      
   259      31,400    1644      2,048   yes
   260      37,308    1945      2,048   yes
   261      71,644    3377      4,096   yes
   262      37,036    1904      2,048   yes
   263      60,216    2778      4,096   yes
   264      35,104    1800      2,048   yes
   265      17,128    1028      1,024      
   266      28,028    1482      2,048   yes
   267      28,012    1477      2,048   yes
   268      29,556    1569      2,048   yes
   269      51,796    2368      4,096   yes
   270      65,128    3066      4,096   yes
   271      30,688    1631      2,048   yes
   272      69,972    3169      4,096   yes
   273      40,232    2027      2,048   yes
   274      47,368    2110      4,096   yes
   275      30,084    1616      2,048   yes
   276      42,056    2193      2,048   yes
   277      17,512    1025      1,024      
   278      33,616    1759      2,048   yes
   279      32,532    1674      2,048   yes
   280      49,072    2571      2,048   yes
   281      41,180    2103      2,048   yes
   282      27,884    1461      2,048   yes
   283      38,272    1964      2,048   yes
   284      68,736    3227      4,096   yes
   285      39,332    2035      2,048   yes
   286      56,868    2601      4,096   yes
   287      74,376    3432      4,096   yes
   288      16,764     991      1,024      
   289      46,836    2445      2,048   yes
   290      38,404    1985      2,048   yes
   291      36,636    1921      2,048   yes
   292      16,804     997      1,024      
   293      17,836    1057      1,024      
   294      53,024    2439      4,096   yes
   295      39,076    1960      2,048   yes
   296      35,364    1839      2,048   yes
   297      18,876    1102      1,024      
   298      58,764    2722      4,096   yes
   299      19,160    1132      1,024      
   300      28,476    1475      2,048   yes
   301      39,820    2079      2,048   yes
   302      18,604    1087      1,024      
   303      16,508     970      1,024      
   304      70,236    3202      4,096   yes
   305      34,320    1764      2,048   yes
   306      40,200    2109      2,048   yes
   307      64,184    3021      4,096   yes
   308      36,980    1948      2,048   yes
   309      41,512    2138      2,048   yes
   310      34,568    1772      2,048   yes
   311      24,592    1261      2,048   yes
   312      34,688    1811      2,048   yes
   313      60,368    2804      4,096   yes
   314      14,252     857      1,024      
   315      32,152    1634      2,048   yes
   316      29,204    1556      2,048   yes
   317      55,624    2546      4,096   yes
   318      62,532    2909      4,096   yes
   319      36,264    1880      2,048   yes
   320      27,960    1469      2,048   yes
   321      62,648    2962      4,096   yes
   322      30,760    1605      2,048   yes
   323      69,188    3149      4,096   yes
   324      29,496    1555      2,048   yes
   325      52,436    2436      4,096   yes
   326      78,268    3618      4,096   yes
   327      58,012    2642      4,096   yes
   328      39,152    2043      2,048   yes
   329      78,576    3608      4,096   yes
   330      16,792     994      1,024      
   331      35,660    1869      2,048   yes
   332      32,200    1646      2,048   yes
   333      63,884    2999      4,096   yes
   334      43,560    2228      2,048   yes
   335      72,184    3325      4,096   yes
   336      62,244    2920      4,096   yes
   337      46,572    2405      2,048   yes
   338      45,228    2341      2,048   yes
   339      57,448    2646      4,096   yes
   340       7,896     550        512      
   341      26,108    1351      2,048   yes
   342      13,900     842      1,024      
   343      54,680    2477      4,096   yes
   344      36,800    1904      2,048   yes
   345      52,320    2393      4,096   yes
   346      36,420    1874      2,048   yes
   347      34,664    1816      2,048   yes
   348      38,044    2004      2,048   yes
   349      35,300    1821      2,048   yes
   350      37,580    1975      2,048   yes
   351      32,764    1695      2,048   yes
   352      40,188    2106      2,048   yes
   353      14,856     914      1,024      
   354      62,008    2895      4,096   yes
   355      21,084    1239      1,024      
   356      25,356    1427      1,024      
   357      34,680    1826      2,048   yes
   358      40,152    2101      2,048   yes
   359      32,708    1682      2,048   yes
   360      67,704    3177      4,096   yes
   361       4,188     346        256      
   362      44,780    2310      2,048   yes
   363      65,728    3067      4,096   yes
   364      46,200    2271      2,048   yes
   365      38,744    2052      2,048   yes
   366      18,428    1099      1,024      
   367      13,372     800      1,024      
   368      14,300     818      1,024      
   369      22,164    1136      2,048   yes
   370      27,948    1466      2,048   yes
   371      35,444    1836      2,048   yes
   372      14,016     843      1,024      
   373      40,764    2156      2,048   yes
   374      30,184    1594      2,048   yes
   375      67,416    3111      4,096   yes
   376      34,152    1738      2,048   yes
   377      17,172    1009      1,024      
   378      39,204    2057      2,048   yes
   379      21,936    1307      1,024      
   380      51,360    2329      4,096   yes
   381      50,624    2299      4,096   yes
   382      50,472    2294      4,096   yes
   383      28,308    1509      2,048   yes
   384      21,764    1280      1,024      
   385      45,100    2319      2,048   yes
   386       7,308     506        512      
   387      35,460    1821      2,048   yes
   388      32,716    1678      2,048   yes
   389     106,768    4370      8,192   yes
   390      38,332    2014      2,048   yes
   391      37,940    1984      2,048   yes
   392      17,640    1009      1,024      
   393      17,164    1021      1,024      
   394      16,224     962      1,024      
   395      35,396    1839      2,048   yes
   396      42,676    2159      2,048   yes
   397      29,324    1570      2,048   yes
   398      81,968    3830      4,096   yes
   399      45,244    2191      2,048   yes
   400      40,128    2043      2,048   yes
   401      40,204    2098      2,048   yes
   402      17,432    1027      1,024      
   403      75,564    3526      4,096   yes
   404      18,472    1098      1,024      
   405      32,344    1660      2,048   yes
   406      31,904    1699      2,048   yes
   407      52,052    2403      4,096   yes
   408      27,876    1460      2,048   yes
   409      16,368     967      1,024      
   410      36,756    1910      2,048   yes
   411      44,052    2264      2,048   yes
   412      17,172    1028      1,024      
   413      15,048     883      1,024      
   414      40,532    2116      2,048   yes
   415      46,016    2399      2,048   yes
   416      21,536    1271      1,024      
   417      56,784    2612      4,096   yes
   418      35,296    1826      2,048   yes
   419      33,468    1701      2,048   yes
   420      43,604    2249      2,048   yes
   421      28,720    1489      2,048   yes
   422      52,440    2401      4,096   yes
   423      28,736    1536      2,048   yes
   424      34,116    1731      2,048   yes
   425      62,116    2910      4,096   yes
   426       8,332     579        512      
   427      46,000    2411      2,048   yes
   428      29,244    1515      2,048   yes
   429      39,628    2018      2,048   yes
   430      35,576    1833      2,048   yes
   431      56,152    2558      4,096   yes
   432      36,580    1911      2,048   yes
   433      40,180    2109      2,048   yes
   434      39,516    2058      2,048   yes
   435      32,792    1734      2,048   yes
   436      29,752    1593      2,048   yes
   437      25,928    1330      2,048   yes
   438      17,032     998      1,024      
   439      38,240    2011      2,048   yes
   440      34,364    1747      2,048   yes
   441      37,576    1949      2,048   yes
   442      36,416    1892      2,048   yes
   443      37,696    1967      2,048   yes
   444      39,884    2084      2,048   yes
   445      69,272    3238      4,096   yes
   446      35,360    1814      2,048   yes
   447      35,876    1849      2,048   yes
   448      56,348    2557      4,096   yes
   449      65,068    3094      4,096   yes
   450      12,460     741      1,024      
   451      29,308    1511      2,048   yes
   452      81,204    3788      4,096   yes
   453      38,536    1996      2,048   yes
   454      41,000    2173      2,048   yes
   455      40,760    2141      2,048   yes
   456      16,108     951      1,024      
   457      44,456    2282      2,048   yes
   458      72,612    3310      4,096   yes
   459      20,552    1218      1,024      
   460      58,108    2683      4,096   yes
   461      36,632    1893      2,048   yes
   462      59,180    2779      4,096   yes
   463      41,980    2163      2,048   yes
   464      45,228    2342      2,048   yes
   465      14,312     828      1,024      
   466      19,388    1146      1,024      
   467      60,356    2805      4,096   yes
   468      37,292    1942      2,048   yes
   469      30,388    1519      2,048   yes
   470      36,916    1920      2,048   yes
   471      16,288     975      1,024      
   472       8,148     565        512      
   473      18,544    1112      1,024      
   474      36,464    1898      2,048   yes
   475      26,204    1346      2,048   yes
   476      43,576    2238      2,048   yes
   477      22,340    1133      2,048   yes
   478      61,188    2864      4,096   yes
   479      31,448    1665      2,048   yes
   480      18,484    1080      1,024      
   481      38,180    2008      2,048   yes
   482      67,896    3200      4,096   yes
   483      62,816    2967      4,096   yes
   484      20,568    1206      1,024      
   485      19,260    1130      1,024      
   486      36,992    1930      2,048   yes
   487      36,852    1916      2,048   yes
   488      67,736    3170      4,096   yes
   489      29,876    1580      2,048   yes
   490      63,000    2996      4,096   yes
   491      30,780    1561      2,048   yes
   492      12,908     775      1,024      
   493      20,064    1160      1,024      
   494      40,608    2135      2,048   yes
   495      58,316    2671      4,096   yes
   496      62,172    2935      4,096   yes
   497      35,980    1867      2,048   yes
   498      13,136     798      1,024      
   499      34,472    1797      2,048   yes
   500      27,632    1433      2,048   yes
   501      69,732    3304      4,096   yes
   502      27,672    1460      2,048   yes
   503      38,440    1985      2,048   yes
   504      18,404    1064      1,024      
   505      60,524    2822      4,096   yes
   506      11,788     703      1,024      
   507      14,668     888      1,024      
   508      52,008    2404      4,096   yes
   509      17,256    1025      1,024      
   510      42,656    2064      2,048   yes
   511      46,004    2041      4,096   yes
   512      27,424    1423      2,048   yes
   513      20,108    1182      1,024      
   514      16,784     987      1,024      
   515      36,236    1885      2,048   yes
   516      37,632    1963      2,048   yes
   517      62,096    2880      4,096   yes
   518      27,396    1436      2,048   yes
   519      45,064    2306      2,048   yes
   520      34,572    1775      2,048   yes
   521      57,076    2875      2,048   yes
   522      37,576    1952      2,048   yes
   523      36,256    1879      2,048   yes
   524      68,504    3220      4,096   yes
   525       8,664     593        512      
   526      16,168     960      1,024      
   527      56,604    2583      4,096   yes
   528      23,472    1208      2,048   yes
   529      44,256    2291      2,048   yes
   530      36,820    1913      2,048   yes
   531      36,168    1874      2,048   yes
   532      70,424    3333      4,096   yes
   533      45,480    2372      2,048   yes
   534      36,888    1911      2,048   yes
   535      32,532    1658      2,048   yes
   536      37,848    1973      2,048   yes
   537      29,148    1538      2,048   yes
   538      32,324    1660      2,048   yes
   539      62,636    2933      4,096   yes
   540      83,708    3918      4,096   yes
   541      37,140    1955      2,048   yes
   542      46,096    2418      2,048   yes
   543      32,256    1636      2,048   yes
   544      34,328    1797      2,048   yes
   545      53,664    2455      4,096   yes
   546      50,796    2300      4,096   yes
   547      17,156    1050      1,024      
   548      24,040    1253      2,048   yes
   549      37,128    1918      2,048   yes
   550      18,396    1084      1,024      
   551      17,592    1049      1,024      
   552      36,520    1901      2,048   yes
   553      15,820     922      1,024      
   554      57,664    2686      4,096   yes
   555      36,196    1869      2,048   yes
   556      16,056     939      1,024      
   557      34,736    1788      2,048   yes
   558      43,584    2235      2,048   yes
   559      35,792    1825      2,048   yes
   560      40,196    2049      2,048   yes
   561      18,156    1088      1,024      
   562      67,496    3042      4,096   yes
   563      36,484    1903      2,048   yes
   564      51,444    2356      4,096   yes
   565      84,448    3912      4,096   yes
   566      47,276    2438      2,048   yes
   567      37,612    1977      2,048   yes
   568      51,756    2383      4,096   yes
   569      33,232    1705      2,048   yes
   570      36,272    1878      2,048   yes
   571      34,020    1732      2,048   yes
   572      40,904    2161      2,048   yes
   573      42,472    2057      2,048   yes
   574      46,612    2420      2,048   yes
   575      28,672    1530      2,048   yes
   576      64,416    3234      2,048   yes
   577       7,348     503        512      
   578      45,912    2384      2,048   yes
   579      10,280     589      1,024      
   580      61,336    2854      4,096   yes
   581      59,648    2748      4,096   yes
   582      30,572    1539      2,048   yes
   583      28,072    1480      2,048   yes
   584      29,028    1530      2,048   yes
   585      36,112    1861      2,048   yes
   586      38,784    2009      2,048   yes
   587      12,904     774      1,024      
   588      38,756    2020      2,048   yes
   589      40,112    2091      2,048   yes
   590      29,456    1530      2,048   yes
   591      40,864    2152      2,048   yes
   592      19,788    1152      1,024      
   593      60,104    2792      4,096   yes
   594      48,504    2462      2,048   yes
   595      34,564    1792      2,048   yes
   596      20,816    1234      1,024      
   597      12,348     736      1,024      
   598      15,120     892      1,024      
   599      44,868    2301      2,048   yes
   600      70,080    3163      4,096   yes
   601      40,300    2121      2,048   yes
   602      31,168    1643      2,048   yes
   603      22,012    1131      2,048   yes
   604      74,872    3485      4,096   yes
   605      67,452    3036      4,096   yes
   606      20,980    1214      1,024      
   607      16,840    1007      1,024      
   608      36,276    1880      2,048   yes
   609      42,588    2184      2,048   yes
   610      47,172    2428      2,048   yes
   611      77,144    3611      4,096   yes
   612      60,228    2809      4,096   yes
   613      79,584    3698      4,096   yes
   614       9,052     615        512      
   615      16,288     975      1,024      
   616      29,036    1529      2,048   yes
   617      48,136    2172      4,096   yes
   618      59,440    2759      4,096   yes
   619      38,896    2002      2,048   yes
   620      52,404    2423      4,096   yes
   621      35,152    1827      2,048   yes
   622      27,292    1411      2,048   yes
   623      40,240    2105      2,048   yes
   624      31,308    1667      2,048   yes
   625      44,608    2304      2,048   yes
   626      44,796    2303      2,048   yes
   627      65,760    3075      4,096   yes
   628      36,816    1889      2,048   yes
   629      39,940    2097      2,048   yes
   630      71,084    3366      4,096   yes
   631      36,444    1894      2,048   yes
   632      39,864    2074      2,048   yes
   633      60,460    2799      4,096   yes
   634      45,024    2312      2,048   yes
   635      26,500    1369      2,048   yes
   636      37,912    1984      2,048   yes
   637      60,464    2811      4,096   yes
   638      33,992    1760      2,048   yes
   639      43,416    2219      2,048   yes
   640      40,272    2162      2,048   yes
   641      20,088    1178      1,024      
   642      20,320    1177      1,024      
   643       7,996     558        512      
   644      18,104    1070      1,024      
   645      15,876     930      1,024      
   646      43,776    2255      2,048   yes
   647      23,212    1188      2,048   yes
   648      26,960    1406      2,048   yes
   649      43,184    2221      2,048   yes
   650      64,276    3024      4,096   yes
   651      59,368    2742      4,096   yes
   652      72,208    3332      4,096   yes
   653      20,364    1206      1,024      
   654      40,220    2102      2,048   yes
   655      16,368     965      1,024      
   656      35,740    1828      2,048   yes
   657      60,808    2834      4,096   yes
   658      22,164    1312      1,024      
   659      16,752     992      1,024      
   660      51,724    2370      4,096   yes
   661      20,696    1216      1,024      
   662       3,580     283        256      
   663      14,596     897      1,024      
   664      54,984    2482      4,096   yes
   665      60,388    2797      4,096   yes
   666      52,612    2458      4,096   yes
   667      45,916    2394      2,048   yes
   668      27,848    1457      2,048   yes
   669      21,756    1284      1,024      
   670      45,508    2362      2,048   yes
   671      26,892    1407      2,048   yes
   672      29,524    1561      2,048   yes
   673      35,140    1786      2,048   yes
   674      20,972    1252      1,024      
   675      33,220    1724      2,048   yes
   676      60,572    2806      4,096   yes
   677      23,628    1358      1,024      
   678      24,540    1363      1,024      
   679      32,880    1755      2,048   yes
   680      18,692    1088      1,024      
   681      27,832    1449      2,048   yes
   682      25,148    1402      1,024      
   683      38,356    2003      2,048   yes
   684      64,200    3037      4,096   yes
   685      11,140     715        512      
   686      54,332    2507      4,096   yes
   687      10,188     588      1,024      
   688       8,740     586        512      
   689      14,596     881      1,024      
   690      42,796    2214      2,048   yes
   691      52,512    2438      4,096   yes
   692      36,312    1878      2,048   yes
   693      48,352    2190      4,096   yes
   694      21,652    1075      2,048   yes
   695      60,204    2779      4,096   yes
   696      55,420    2574      4,096   yes
   697      41,928    2157      2,048   yes
   698      29,680    1574      2,048   yes
   699      26,812    1391      2,048   yes
   700      12,852     776      1,024      
   701      61,936    2893      4,096   yes
   702      30,832    1609      2,048   yes
   703      74,520    3431      4,096   yes
   704      32,916    1682      2,048   yes
   705      20,804    1226      1,024      
   706      21,172    1244      1,024      
   707      61,136    2868      4,096   yes
   708      40,892    2157      2,048   yes
   709      38,184    1991      2,048   yes
   710       7,840     548        512      
   711      16,828    1008      1,024      
   712      40,180    2104      2,048   yes
   713      77,148    3539      4,096   yes
   714      17,408    1025      1,024      
   715      16,040     929      1,024      
   716      60,896    2847      4,096   yes
   717      60,928    2804      4,096   yes
   718      29,616    1542      2,048   yes
   719      52,228    2416      4,096   yes
   720      27,996    1474      2,048   yes
   721      16,660     997      1,024      
   722      81,760    3791      4,096   yes
   723      36,172    1870      2,048   yes
   724      13,776     820      1,024      
   725      46,176    2392      2,048   yes
   726      43,616    2263      2,048   yes
   727      17,020    1022      1,024      
   728      27,956    1464      2,048   yes
   729      48,432    2507      2,048   yes
   730      29,828    1549      2,048   yes
   731      89,956    4231      4,096   yes
   732      40,240    2033      2,048   yes
   733      17,788    1055      1,024      
   734      20,344    1198      1,024      
   735      55,964    2598      4,096   yes
   736      28,280    1481      2,048   yes
   737      40,340    2068      2,048   yes
   738      44,460    2261      2,048   yes
   739      29,100    1543      2,048   yes
   740      43,408    2212      2,048   yes
   741      25,772    1324      2,048   yes
   742      41,796    2204      2,048   yes
   743      39,808    2060      2,048   yes
   744      36,340    1901      2,048   yes
   745      53,152    2466      4,096   yes
   746      40,872    2153      2,048   yes
   747      18,452    1076      1,024      
   748       7,432     524        512      
   749      44,396    2267      2,048   yes
   750      31,188    1648      2,048   yes
   751      22,424    1338      1,024      
   752      36,204    1879      2,048   yes
   753      37,832    1969      2,048   yes
   754      33,676    1733      2,048   yes
   755      56,776    2658      4,096   yes
   756      69,964    3293      4,096   yes
   757      38,512    1991      2,048   yes
   758      52,836    2424      4,096   yes
   759      40,840    2145      2,048   yes
   760      29,992    1588      2,048   yes
   761      12,932     781      1,024      
   762      38,480    2019      2,048   yes
   763      25,532    1357      2,048   yes
   764      61,068    2870      4,096   yes
   765      32,456    1670      2,048   yes
   766      84,328    3961      4,096   yes
   767      62,868    2975      4,096   yes
   768      40,036    2090      2,048   yes
   769      41,968    2172      2,048   yes
   770      20,056    1163      1,024      
   771      36,888    1926      2,048   yes
   772      38,804    2068      2,048   yes
   773      60,560    2814      4,096   yes
   774      29,372    1577      2,048   yes
   775      34,552    1774      2,048   yes
   776      15,728     931      1,024      
   777      86,484    3856      4,096   yes
   778      45,848    2373      2,048   yes
   779      45,016    2333      2,048   yes
   780      61,412    2888      4,096   yes
   781      17,180    1010      1,024      
   782      29,604    1571      2,048   yes
   783      58,724    2696      4,096   yes
   784      30,560    1623      2,048   yes
   785      34,840    1776      2,048   yes
   786      38,896    2039      2,048   yes
   787      36,276    1884      2,048   yes
   788      43,656    2227      2,048   yes
   789      67,904    3216      4,096   yes
   790      29,468    1539      2,048   yes
   791      39,488    2059      2,048   yes
   792      37,068    1919      2,048   yes
   793      39,908    2053      2,048   yes
   794      46,236    2422      2,048   yes
   795      32,488    1665      2,048   yes
   796      59,400    2754      4,096   yes
   797      65,196    2994      4,096   yes
   798      40,036    2101      2,048   yes
   799       7,240     505        512      
   800      40,592    2126      2,048   yes
   801      33,260    1706      2,048   yes
   802      18,164    1035      1,024      
   803      58,372    2704      4,096   yes
   804      18,612    1121      1,024      
   805      69,496    3285      4,096   yes
   806      19,928    1158      1,024      
   807      36,120    1867      2,048   yes
   808      37,572    1954      2,048   yes
   809      16,472     977      1,024      
   810      37,904    1987      2,048   yes
   811       4,232     349        256      
   812       7,912     554        512      
   813      17,680    1055      1,024      
   814      39,868    2079      2,048   yes
   815      17,008    1016      1,024      
   816      17,216    1030      1,024      
   817      38,588    2009      2,048   yes
   818      27,768    1440      2,048   yes
   819      25,692    1332      2,048   yes
   820      31,724    1674      2,048   yes
   821      28,840    1489      2,048   yes
   822      35,860    1887      2,048   yes
   823      61,280    2868      4,096   yes
   824      84,400    3898      4,096   yes
   825      39,260    1976      2,048   yes
   826      38,320    1980      2,048   yes
   827       8,872     601        512      
   828      42,576    2207      2,048   yes
   829      62,768    2951      4,096   yes
   830      34,640    1763      2,048   yes
   831      13,368     814      1,024      
   832      55,676    2539      4,096   yes
   833      61,000    2838      4,096   yes
   834      18,632    1125      1,024      
   835      32,204    1662      2,048   yes
   836      28,876    1518      2,048   yes
   837      25,844    1335      2,048   yes
   838      18,064    1028      1,024      
   839      41,264    2119      2,048   yes
   840      26,256    1359      2,048   yes
   841      36,308    1889      2,048   yes
   842      40,120    2094      2,048   yes
   843      43,592    2240      2,048   yes
   844      20,696    1191      1,024      
   845      36,128    1869      2,048   yes
   846      19,212    1118      1,024      
   847      43,816    2250      2,048   yes
   848      27,600    1449      2,048   yes
   849      44,832    2300      2,048   yes
   850      36,108    1867      2,048   yes
   851      20,984    1242      1,024      
   852      81,500    3818      4,096   yes
   853      36,392    1892      2,048   yes
   854      49,896    2273      4,096   yes
   855      19,772    1142      1,024      
   856      14,360     854      1,024      
   857      16,856    1012      1,024      
   858      40,344    2128      2,048   yes
   859      42,424    2063      2,048   yes
   860      32,660    1695      2,048   yes
   861      23,460    1210      2,048   yes
   862      43,360    2243      2,048   yes
   863       3,148     260        256      
   864      70,144    3326      4,096   yes
   865      62,620    2940      4,096   yes
   866      16,120     953      1,024      
   867      17,796    1062      1,024      
   868      47,368    2477      2,048   yes
   869      41,984    2044      2,048   yes
   870      35,804    1848      2,048   yes
   871      65,352    3136      4,096   yes
   872      30,844    1548      2,048   yes
   873      45,836    2386      2,048   yes
   874      34,592    1804      2,048   yes
   875      87,256    4081      4,096   yes
   876      33,836    1750      2,048   yes
   877      56,596    2601      4,096   yes
   878      25,412    1290      2,048   yes
   879      44,428    2275      2,048   yes
   880      19,820    1159      1,024      
   881      16,772     993      1,024      
   882      38,232    2007      2,048   yes
   883      62,816    2947      4,096   yes
   884      36,380    1877      2,048   yes
   885      45,208    2340      2,048   yes
   886      16,844    1002      1,024      
   887      17,472    1040      1,024      
   888      60,420    2827      4,096   yes
   889      10,364     656        512      
   890      26,936    1387      2,048   yes
   891      35,940    1850      2,048   yes
   892      57,788    2734      4,096   yes
   893      37,632    1951      2,048   yes
   894      40,188    2105      2,048   yes
   895      35,112    1864      2,048   yes
   896      68,984    3268      4,096   yes
   897      69,700    3291      4,096   yes
   898      47,140    2429      2,048   yes
   899      30,984    1629      2,048   yes
   900      30,204    1587      2,048   yes
   901      37,288    1960      2,048   yes
   902      15,368     910      1,024      
   903      78,912    3658      4,096   yes
   904      17,476    1052      1,024      
   905      24,048    1243      2,048   yes
   906      26,232    1358      2,048   yes
   907      47,052    2461      2,048   yes
   908      40,508    2123      2,048   yes
   909      14,548     885      1,024      
   910      17,412    1021      1,024      
   911      43,660    2244      2,048   yes
   912      60,324    2808      4,096   yes
   913       8,252     570        512      
   914      27,944    1476      2,048   yes
   915      29,048    1543      2,048   yes
   916      23,528    1196      2,048   yes
   917      17,132    1018      1,024      
   918      42,816    2245      2,048   yes
   919      34,736    1771      2,048   yes
   920      78,984    3634      4,096   yes
   921      40,720    2132      2,048   yes
   922      30,724    1602      2,048   yes
   923      12,088     715      1,024      
   924      40,124    2082      2,048   yes
   925      30,252    1595      2,048   yes
   926      34,864    1798      2,048   yes
   927      45,472    2224      2,048   yes
   928      34,236    1786      2,048   yes
   929      56,356    2819      2,048   yes
   930      60,340    2792      4,096   yes
   931      52,104    2408      4,096   yes
   932      12,492     747      1,024      
   933      61,896    2924      4,096   yes
   934      18,120    1070      1,024      
   935      45,568    2383      2,048   yes
   936      60,392    2794      4,096   yes
   937      36,152    1869      2,048   yes
   938      60,888    2852      4,096   yes
   939      14,720     864      1,024      
   940      36,320    1890      2,048   yes
   941      64,244    3031      4,096   yes
   942      28,908    1531      2,048   yes
   943       9,192     628        512      
   944      29,584    1551      2,048   yes
   945      36,104    1870      2,048   yes
   946      17,988    1069      1,024      
   947      22,092    1300      1,024      
   948      39,844    2025      2,048   yes
   949      28,840    1514      2,048   yes
   950      30,428    1587      2,048   yes
   951      21,396    1254      1,024      
   952      76,284    3565      4,096   yes
   953      89,264    4186      4,096   yes
   954      55,648    2586      4,096   yes
   955      71,128    3381      4,096   yes
   956      46,536    2380      2,048   yes
   957      39,956    2033      2,048   yes
   958      45,160    2326      2,048   yes
   959      64,496    3035      4,096   yes
   960       9,248     642        512      
   961      20,768    1227      1,024      
   962      71,652    3385      4,096   yes
   963      28,180    1472      2,048   yes
   964      62,696    2953      4,096   yes
   965      30,584    1583      2,048   yes
   966      12,196     726      1,024      
   967      28,356    1508      2,048   yes
   968      85,804    3974      4,096   yes
   969      33,008    1702      2,048   yes
   970      36,976    1931      2,048   yes
   971      32,096    1639      2,048   yes
   972      53,092    2440      4,096   yes
   973      44,344    2295      2,048   yes
   974      13,672     811      1,024      
   975      30,844    1627      2,048   yes
   976      14,704     859      1,024      
   977      18,136    1075      1,024      
   978      51,928    2386      4,096   yes
   979      19,464    1153      1,024      
   980      36,228    1873      2,048   yes
   981      18,400    1085      1,024      
   982      64,752    3035      4,096   yes
   983       9,496     642        512      
   984      17,172    1012      1,024      
   985      30,456    1526      2,048   yes
   986      39,716    2042      2,048   yes
   987      41,172    2097      2,048   yes
   988      29,736    1592      2,048   yes
   989      81,264    3803      4,096   yes
   990      37,964    1998      2,048   yes
   991      81,444    3799      4,096   yes
   992      70,064    3310      4,096   yes
   993      36,676    1915      2,048   yes
   994      62,240    2935      4,096   yes
   995      40,084    2117      2,048   yes
   996      20,560    1217      1,024      
   997      73,728    3401      4,096   yes
   998      31,208    1642      2,048   yes
   999      62,884    2979      4,096   yes
  1000      37,176    1929      2,048   yes
