2048 Agent Evaluation Results
============================================================
Timestamp  : 2026-04-12 14:14:43
Agent      : expectimax (depth=2, chance_cells=2)
Games      : 100


── Summary ───────────────────────────────
  Total time   : 147.3s  (1.47s/game)
  Avg score    :     16,024
  Median score :     15,594
  Std dev      :      6,543
  Best score   :     35,484
  Worst score  :      5,580
  Avg moves    :        916
  Median moves :        916
  Win rate     :      18.0%  (18/100 reached 2048)

  Max tile distribution:
     2048 :  18.0%  (  18 games)  █████████
     1024 :  68.0%  (  68 games)  ██████████████████████████████████
      512 :  14.0%  (  14 games)  ███████
──────────────────────────────────────────

  Score percentiles:
    p10 :      7,792
    p25 :     12,240
    p50 :     15,696
    p75 :     16,504
    p90 :     27,076
    p95 :     30,740
    p99 :     35,484

============================================================
Per-Game Results
============================================================
  Game       Score   Moves   Max Tile   Won
------  ----------  ------  ---------  ----
     1      13,408     757      1,024      
     2       7,392     511        512      
     3      16,088     941      1,024      
     4      14,456     843      1,024      
     5       7,836     543        512      
     6      17,104     996      1,024      
     7       7,204     497        512      
     8       7,804     538        512      
     9       7,220     489        512      
    10      35,484    1823      2,048   yes
    11      16,148     944      1,024      
    12      32,152    1633      2,048   yes
    13      27,128    1401      2,048   yes
    14      16,660     982      1,024      
    15      16,996    1001      1,024      
    16      27,220    1425      2,048   yes
    17      34,544    1768      2,048   yes
    18      16,148     944      1,024      
    19      12,228     727      1,024      
    20      16,108     955      1,024      
    21       7,312     507        512      
    22      16,244     969      1,024      
    23      10,424     614      1,024      
    24      24,140    1267      2,048   yes
    25      15,352     890      1,024      
    26      12,020     702      1,024      
    27      10,580     621      1,024      
    28      14,748     867      1,024      
    29      11,756     691      1,024      
    30      16,476     964      1,024      
    31      33,812    1725      2,048   yes
    32      16,156     951      1,024      
    33      16,084     944      1,024      
    34      16,084     939      1,024      
    35      17,504    1047      1,024      
    36       7,156     493        512      
    37       7,080     481        512      
    38      30,604    1535      2,048   yes
    39      14,600     856      1,024      
    40      16,976    1022      1,024      
    41      12,696     758      1,024      
    42      16,240     966      1,024      
    43       5,580     389        512      
    44      16,504     989      1,024      
    45      16,180     957      1,024      
    46       7,900     550        512      
    47      25,872    1345      2,048   yes
    48      14,040     804      1,024      
    49      12,080     711      1,024      
    50      12,808     781      1,024      
    51      15,380     913      1,024      
    52      16,112     951      1,024      
    53      14,492     846      1,024      
    54       7,204     497        512      
    55      16,080     963      1,024      
    56      25,268    1288      2,048   yes
    57      15,368     892      1,024      
    58      15,492     907      1,024      
    59      16,576     976      1,024      
    60      21,484    1075      2,048   yes
    61      14,492     850      1,024      
    62      12,212     725      1,024      
    63      26,324    1364      2,048   yes
    64      13,104     790      1,024      
    65      15,864     921      1,024      
    66      12,064     708      1,024      
    67      16,348     971      1,024      
    68      15,772     930      1,024      
    69      15,420     895      1,024      
    70      22,976    1163      2,048   yes
    71      16,020     933      1,024      
    72      12,176     727      1,024      
    73      10,056     571      1,024      
    74      14,396     828      1,024      
    75       7,180     493        512      
    76      12,440     748      1,024      
    77      16,192     960      1,024      
    78      14,592     858      1,024      
    79      12,412     746      1,024      
    80      15,844     923      1,024      
    81      12,120     721      1,024      
    82      27,372    1426      2,048   yes
    83       7,296     501        512      
    84      14,412     835      1,024      
    85      25,140    1280      2,048   yes
    86       7,792     540        512      
    87      16,144     954      1,024      
    88      12,380     748      1,024      
    89      30,740    1552      2,048   yes
    90      15,696     918      1,024      
    91      27,076    1389      2,048   yes
    92      16,364     977      1,024      
    93      16,232     969      1,024      
    94      23,880    1226      2,048   yes
    95      16,228     964      1,024      
    96      12,508     758      1,024      
    97      14,792     882      1,024      
    98      12,240     724      1,024      
    99      16,064     936      1,024      
   100      14,200     816      1,024      
